861118349
861503688
861271383
861046643
860331079
861135247
860788889
860700812
861533404
860513812
861032652
861282161
860623088
860968902
860683914
860825150
861317946
860383796
860186443
861460525
861564480
861149986
860352839
861431183
860298966
860707697
860625961
861220043
860649268
860532325
860109637
860163578
860227056
860380515
860273721
860276441
860935123
860843986
860869112
860780899
861600146
860244481
861647049
861590694
860520510
860177705
860387060
860895989
860777856
860867531
860323973
861480976
860443483
860364178
860310050
860159532
860055067
861033468
860065233
861129824
860656068
860019112
861098544
860371165
861350008
860552096
861360803
860065403
861256967
861038551
860600937
860169460
860270678
860580979
861506595
860869435
860258132
861487283
860279875
860494823
861516251
860843527
860697786
861009685
860788345
860039189
860202474
861411157
860931111
860173863
861498588
860389984
861645145
860718407
861107112
861412449
860987228
860641975
860671215
861121018
861107503
861099224
860845737
861447809
861130827
861465421
861239083
860979850
861228968
860040447
860844921
861604481
861186145
860242135
861304006
860079530
860124223
860445387
861088225
861474193
861628536
861557425
860189894
860171772
861246393
861406176
861296033
860218675
860910082
860096020
861030714
861186026
860748633
861374352
861604600
861105871
861084349
860396716
861580970
861139701
861207735
860194365
860368989
860642672
860924260
860959569
860914910
861587617
861578845
861544913
861044059
860040600
860880179
860228501
860907345
861551832
861505014
861143917
861556473
860668240
861376817
861387357
860687348
861052678
860546282
860675941
861524241
860324500
860761349
861493845
860306242
860648792
860892589
860031760
861065139
861216881
860940920
860626607
860737838
860887472
861571688
860555207
860078510
860642689
860431294
860332235
861396911
860409823
860402598
860018432
860091175
860699860
860806824
860531101
860199533
860902891
861342392
861494933
861456377
860119667
861188984
860964635
860225628
861298838
860373086
861105939
861515265
860085412
860503289
861574884
860410741
860462846
861196073
860960215
861629352
860687212
861126356
860290568
861188338
860491202
860150284
860118511
861325817
860615761
860929156
860240486
861262968
861551254
861605297
861243571
860574349
861140517
860306650
860736002
861413435
860438604
861602900
860268825
861602203
860613228
860070605
861462480
861288349
860603793
860480441
861248297
860027068
860468745
861640980
860062207
860870404
860974189
860310560
860333085
860264881
860037098
860979153
861473309
860252250
860439148
861312200
860842201
860086976
860336162
861128549
861278370
860207438
860376894
861054327
861560604
860923682
860360727
861451430
861258599
860263521
860235454
860264915
861620053
861374675
860214425
861079487
861467852
860286845
860698551
860952344
861479480
861135468
861530412
860091787
860080074
861394990
860167097
861210353
860899950
860257282
860124172
861084060
861346812
860516413
860898964
860152392
860948825
861420813
860710995
860831304
860977759
860600036
860978762
860651699
861207412
861352388
860938710
860657258
860227039
860849290
860044816
861651214
861336731
860838495
860297963
860264116
861359409
860154823
860708938
860574842
860096734
861007271
860318975
861102131
860171551
860746695
860653586
861278421
860304406
861448234
860700013
860818418
860847573
861477151
860129153
861097031
861321244
861650602
861144733
861172001
861007798
861545202
860719478
860521513
861297903
860920231
860883766
861483492
860427044
860979289
860626267
860192937
861223409
861413520
860377540
860778672
860493225
861457448
860408259
861064901
860855920
860964907
861135621
861301660
860189503
861283895
860755773
860259849
860629548
861204080
861577145
861577213
860666914
861262883
860406015
860969701
860165074
860924532
861053681
860142141
860619416
861440142
861497517
860713239
860265153
860066117
860011105
860059657
861011878
860499226
860585518
860541063
860767248
861171644
860618277
860405760
860695117
860278549
861375967
861311180
861163178
860416113
861276381
861009668
860449790
860032406
860696817
861250473
860578803
861224038
861216014
860443058
861545253
860832868
860718679
861146297
860312396
860666285
860312838
860757405
860601804
861365988
860482991
860769084
861054208
861533931
860232343
860073308
861001457
860499413
861178172
860487530
861069253
860444231
861619424
860247405
860259220
861431098
861491924
860480203
861388870
861545831
860591077
861144750
860096547
861541921
860793649
860819081
860600002
860839056
860987075
861343276
860979935
861427562
860768948
861635404
861187930
860820441
860325163
861325647
860408089
860688334
860239772
860621524
860935718
860206690
861527573
861235343
861430690
861346098
861464299
860207846
861318252
860848015
861158146
861257409
860452289
861258990
860597146
860583478
860410996
861441485
861350093
860497288
861037089
860294189
860615608
860668427
860990407
861438816
861306505
860162694
860240571
861559584
860334530
860148397
861427222
861492485
861358406
860964856
861487589
861649429
860011003
861021619
860102327
860597622
860293696
860164734
860683200
860695644
860788532
861644380
861130538
860479302
860811805
860571204
860628817
860838512
860166366
860452459
861098323
860010714
861586648
860643590
860587371
860682656
861016842
860207914
860993858
860744876
860411591
861442182
861293092
860925280
860436921
860150556
860460857
860333901
861271706
860735305
860153548
861149442
860457525
860081264
861047629
860066899
860743958
861311129
860529588
860979969
860661151
860702087
861241939
861494134
861019460
860511993
861086338
861556728
860965281
860973152
860695593
860438927
860760227
860878496
861507751
861433104
860495333
861180280
860289208
860535929
861640657
861118655
861378041
860913839
861074710
861438391
861128753
860114669
860989353
860532342
861314206
860282850
861649480
861454762
860836234
860222789
861207871
860155435
860114244
860714565
860919755
860592811
860753410
861486637
860122744
861127223
861198453
860283564
860798766
861306692
860903095
860703413
860347161
860546792
860159515
861582755
861113266
861171712
860400218
860115774
861168822
860802914
860107427
861107928
860450130
861182711
860919517
860552215
860493395
860490250
860198462
860362699
860822600
860066202
861302017
861604447
860270712
861262509
861057591
860338746
861526961
860240180
860810088
861315005
860310951
860205959
860038475
861487045
860726465
860245212
861532231
861312455
861459352
860481070
860096632
861032465
860116879
860415858
861323420
861313084
860162898
860187089
861409593
861309837
861147895
860615098
860241370
860342367
861027399
860900766
861583554
860886282
861246206
861517662
860803373
860168151
860832069
860232989
860331181
860447495
860703583
860728539
860855257
861628315
861524785
860302893
860843119
860711471
861045725
860091923
860551790
861264107
861403932
860069823
860793768
860213116
860324432
860447189
861507139
861621090
860037659
860847301
860217009
861548143
860859405
860564251
860388794
860877748
860793054
860375653
861491465
860446118
860550821
861373383
860764460
860343795
860024059
860379716
861532418
861189902
860889750
860723354
861084621
860873940
861373536
860713749
860876558
861632548
861478528
860622221
860969395
861043090
860528874
860456233
861078892
861377429
861299858
860561616
861005979
861131490
860064672
861427273
860096394
860871815
860525304
860624448
860262484
860919908
860369975
861354751
860600665
860431821
860420431
861320768
861299263
861015176
861163161
860051939
861403031
860247133
860713375
861338448
860836319
861587804
860660522
860323599
860188874
861585730
860552317
860712831
861572827
860892266
860024875
860549206
861417328
861194628
861396384
860811771
860875555
860332660
861065377
860314198
861621209
860584974
861421952
861559227
861405411
860648588
860664109
861543553
860834415
861503790
861087375
861647542
861347662
860274656
861169706
861340981
860609216
860456199
861176200
860113105
860439726
860735169
860462506
861061025
861531755
860214187
860985324
861541972
861160322
861305502
861230005
860533838
860509647
861140993
860396308
861525567
861424468
861092135
860859711
860486119
860729355
860652413
860072577
860332728
861210047
860394744
860169375
860240945
860511976
860603929
860476735
860510106
860075892
860172673
860292829
860966913
860716095
861042886
861168601
861336561
860473403
860376571
860195861
861619594
860962731
860895275
860014182
860232241
861527556
860356069
860637657
860558590
861191211
861611366
861521453
861297495
861390332
860114227
860325248
860411285
861401399
860636841
861138562
860439403
860024960
860602093
861201683
860632846
861187046
861062691
860747902
861427970
860421519
860040362
861510505
860841980
860370927
860265272
861088157
860666438
861547310
860140526
860931077
860065369
860427418
860558165
861383991
860457236
860703940
861294282
860206877
861627533
860086313
860541165
860579228
861342256
861010994
861646318
860309115
861170386
860076844
861229274
860641992
860397073
860677692
860159600
861521266
860021339
860112782
860441817
860445302
861319238
860190897
860752492
860541114
861592224
860411268
861001287
860362563
861387969
861340386
860409738
860538989
860726091
861046507
861479446
860674904
860840008
860316476
860991002
860987364
860821342
860350629
860495112
860910473
860844734
860212538
860681687
861211509
860703685
861219295
860033783
860233856
861296713
860131057
860301992
860509018
861025835
861524173
860268995
861454660
860431600
861398084
860181938
861091710
860843051
860470292
860481308
861617554
861076886
861336459
861357165
860162575
860061153
860879822
861095552
860019520
861079181
860537255
860766415
861535852
861522354
861155970
860791745
860980037
861622450
860770189
861097541
861582313
860069483
860452170
860615846
860742462
860611545
861370986
860248323
860914672
861413809
861443338
860346260
860786390
860233805
861457312
860719988
860623292
860760873
860620385
861399920
861514891
860921523
860873787
860192036
860177331
860367408
860313892
861583639
860847930
860741629
860627423
860945391
860506417
860058960
861365835
861266334
860971826
861027297
860901174
861566214
860756147
861555980
860746321
861189443
860843187
861048343
860367612
860512503
860487581
860846213
860388913
860923971
860328478
861192894
861197654
860431923
861549265
860198496
860801180
860419870
861544590
860334258
860622204
860964363
860402088
860820713
860321134
860703872
860027493
861292871
861407043
860252471
860616815
861142659
860592386
860807130
860430988
860601413
860904829
861192146
861377344
861632514
861114592
860544378
861312982
861321074
861579984
860708768
860501895
860703855
860897553
860393452
861575207
860027527
860373562
860918565
861177203
860161912
860721467
860957444
860958294
860028921
860332337
860998295
860523417
861034131
861580290
860713460
860899627
861267082
860046533
860708020
860405726
860717030
860946309
860830063
861306335
860838767
860637572
860527259
860936823
860386210
861285629
861630916
861280903
860166536
860053333
860974784
860949573
860573516
861330492
860563792
861546579
860765718
861434923
861284813
861310466
861462208
860278600
860716928
860835962
860840535
860396274
860272055
861055466
861270346
861010348
860417507
860894476
860414872
860442548
860856906
860465787
860320709
860398603
861083312
860545942
861183578
861464996
860049797
861555895
860491593
860359452
860715993
860094983
860337811
860506791
860589479
860450657
860586232
861004840
860388522
861508295
861305060
860538122
860884378
860899253
860447308
860700863
860192767
860441035
861596882
861203026
861135213
861421289
861329285
860109773
861347951
861116275
860753546
861039775
861111940
861062028
860520476
861242092
860668138
861144682
860176345
860736597
861638158
860339358
860826969
860537051
860668750
860335397
861521096
861143730
861078518
860025895
861441332
861357522
860683965
860021611
860189146
861636441
860862040
860880740
861300419
860968018
860091260
860576083
861451838
860356188
860589581
861268833
861113521
860610746
860287474
860640581
861601608
860270423
861385215
860082760
860626913
860716231
860271205
861498316
861135196
860264949
860718237
860964550
860242390
860381348
860776496
861629369
860838631
860456335
861560910
861477916
861638821
861460865
860416385
861406261
861501172
861411922
861054021
860683999
861593431
860028615
860187701
861067145
861024985
861539371
860693961
861349362
861644567
861280580
861552342
860852741
860763780
861530990
860795451
861168261
860197442
861634095
860158767
861304142
860268417
861631035
861094379
861208568
860478214
861200476
860614146
860588085
860428132
860546622
861592700
860075773
860347807
861064119
860900086
861046898
861513888
860658278
860275642
860714633
861463228
861408964
860355304
860463220
860303913
860963513
861647304
860908892
860319451
860683574
861376511
860275795
860068242
860740116
860346804
861122803
860437193
861081765
861270244
860073257
861524309
861069559
860252012
861451073
861508754
860229113
860080550
861261081
860675448
861189018
860101137
861311605
861123007
861490071
860982179
861613542
860043252
861461426
861185499
860793938
861478307
860103619
860730324
860136497
861075747
860715738
860263708
860096224
860177586
860284873
860411778
860970908
861504045
860981006
860347331
860244617
860391497
861092543
861636322
860796998
860634223
860791762
861363744
860554799
860037778
860777482
861000658
860080924
861321397
860202440
860771073
860668614
861190701
860779284
861039299
860679664
861543570
861226469
860727910
861536260
860230830
861576788
861117023
860827173
861201394
861576431
860469595
860736716
861266912
860802744
861462106
861220366
860448362
861182286
860725020
860479404
860586640
860470445
860475256
860428931
860351785
861013612
861296186
860964312
861168465
861357913
860162354
861498860
860082998
861075713
861412245
861647729
860467810
860410027
860558012
860212640
861354683
860747290
860921149
860716724
861444290
860716622
860621269
860073903
861278030
860352465
861480806
860253389
861188440
861581446
860241557
860472400
860205840
860715704
861094719
861421918
860293050
860748650
860200196
860126773
861506850
861451923
860468541
860388454
861173905
860589394
861290066
860455213
860393775
860015372
861651180
861627822
861257596
860600699
860630704
861103083
860912054
861029966
860097397
860529095
860236525
860642587
860929870
861167054
861251527
860084392
861047748
860512435
860207302
861392134
861442403
861647967
861308069
860759887
860016698
861317759
860392840
861523425
861233932
861114490
861347118
861545389
861225449
860705385
860741272
860886860
861238318
861211628
860411642
860960402
861427630
860297623
860549886
860732942
860811108
861527845
860923325
860440202
860654113
860090597
861047986
860412781
861053868
861542244
860165210
860627236
860671980
860674173
861378551
860851279
860965893
861157364
861624065
861471745
860463526
860597673
860525576
860966471
861140364
861568849
860103041
860354437
861209350
860480832
860737141
861164266
860070163
860626080
860886792
860901939
860637436
861359528
860346498
860232156
860833752
860607193
860860612
861554501
860894697
861368929
860920724
861620376
861442913
860228824
860090495
860987160
860239177
860598761
861286020
860850055
860284397
860157390
861637937
860594698
860516039
860885653
860809051
860265884
860611817
861311758
860034327
861346030
860241574
860470071
861116785
860965927
860967202
860722232
860919432
860081723
861097609
861229410
860048233
860074413
861276466
860113411
860185015
860542406
861074200
861458298
860080754
860140220
860231714
860255191
860536031
860428693
860610848
860096207
860902330
861172069
861127665
860396019
860483892
860252386
860224421
861014972
860619909
861282263
860859847
860016069
860403805
861104409
861175877
860496659
861473445
860385836
861460083
861084128
860467861
860158155
861249640
860281881
861453249
860767758
860811856
860754073
860814287
861589249
860075042
861408420
860245348
861393800
861059410
860524896
860405828
860711607
860585586
860928935
861173259
861576873
861639501
860760142
860903996
861256491
860131006
861187131
861179430
860144980
860355457
860049032
860879652
861497160
861220128
861440550
860175954
860710740
860809323
861522626
860766160
860620555
861630593
860799837
860618634
861446789
860526596
860861479
860562993
860040260
861406142
860375891
861584421
861197943
861038092
860481461
860423967
860326489
861537161
860580248
861402572
861489187
860400490
860572870
861199762
861308953
860232207
860708139
861084638
860964703
860409449
860149451
861023115
861034522
860725632
860601158
861209979
860351360
860975124
860275132
861634605
860451813
861544250
860686073
860027646
861010178
860773657
860993960
861137559
861587056
861334793
861480024
861533132
860615999
860305052
860254477
861454949
861452178
860869554
861341746
860825031
860143161
861055007
860163051
860853268
860579976
861269700
861631392
861287924
861567540
860225594
860319094
861389805
861031326
860814763
860136888
861550064
861591986
860719444
860352227
860032814
860923274
860178844
861440958
861279475
861103117
860814576
860508746
860859779
860482549
861287108
861310126
860229164
861446398
861006880
860152630
860729593
860468405
860369397
861556490
861257545
861567642
861297223
861000165
860125396
860196711
860251060
861324219
860760533
861452773
861254502
861038381
860559933
860606547
860229895
860282136
861451617
860198326
861435943
861097847
860056920
860015610
861583537
860447002
861081085
860111626
860747460
861352286
860489723
860977249
861537790
861417107
860326268
860587388
861152417
860447444
860760601
860167114
861298736
860058433
860897383
861459454
861402725
860217791
861286649
860666727
860238854
860038203
861269751
860451099
860062870
860570541
860722300
861085386
860401187
861554246
861077447
860396206
860011071
860377472
861378330
860605068
861060311
860607669
860023838
860442769
861564735
860627083
861365257
860319774
861050791
860928901
860864165
860412152
861135604
860659264
860878105
861195172
860407664
860453462
861059818
861405734
860256517
860878173
861581208
861092356
860171262
860781868
860527854
860368309
860724119
861146535
861225296
860445438
860178674
860189775
860283666
860357395
860155214
861490156
861555181
861007594
861588280
860337862
860957121
860050613
861194407
860983522
860170718
860802795
860391973
861563307
860021254
860078952
860178232
860769135
861304159
860566954
860073580
860932573
860799854
860517926
861073299
861575241
860440780
860387519
860207421
860633781
860034769
861538912
861596423
860729984
861081833
860667220
860584872
861134805
860212164
861640606
861531041
860129051
860630942
861422292
861000845
860434354
860488295
860403040
861309922
860904353
860972948
861334402
861629029
861606232
860311036
861018406
860218182
860544973
861016179
861273423
861466169
860035704
861136505
860017276
860638031
860530217
860562687
861596678
861086253
860304134
860458885
861589385
861558564
861639314
860880417
861175180
861561726
860341534
860560987
860838036
860195572
860135511
861586291
860588680
860646021
860811907
860769917
860685512
860479047
860352669
861405360
860882899
861058339
860222228
861616636
860201726
860240928
861378024
860348589
860199465
861610091
861561012
860430410
861447962
860358313
860236474
860746372
860898998
860779947
860771294
860411846
860809782
860828635
860605289
861106177
860749772
860925603
861393630
860985477
860474984
860855291
861418093
860038611
861062980
860107291
860118953
861277945
860984457
860681364
860384238
860281167
860166400
860722385
860115876
860844071
860111218
861538708
860675040
860332490
860793122
861371887
861368096
860524947
861263682
860073835
861468889
860585314
861301490
861455969
861264515
860941379
860723507
860787733
860725802
860301686
860750758
861464486
861524513
861195342
861364050
860486986
860844802
860714548
860682401
860567022
860250788
861323063
861267745
860877918
860382691
860818588
860429679
860554391
860883239
860606666
860767741
861004738
861459165
860527871
860126790
860519405
860648486
