860091566
860596959
860342282
861595148
861045351
860395832
860947924
860857433
860905016
860091498
861423652
860797644
861379571
860329702
860926725
860264847
861394752
861344568
861051607
861045045
861301286
860421910
860994946
861201445
860877833
860976399
860927711
860169001
860180816
861478562
861493624
861465455
861206018
861460355
860572071
861614137
861019375
860621932
860817092
860371250
861559397
861453181
860176940
861570294
860100253
861247940
861602237
860365878
860996374
861086457
860729610
860038220
860047604
861082938
860819319
861495460
860631554
860595854
860770376
861558462
860916355
860139829
861513752
860661083
860441443
861030867
861230668
860343727
860473063
860262824
861466424
860257503
861258786
861079572
860041671
860372933
861628672
860500858
860092671
860318346
861309157
861293075
860950627
860478809
860362937
860432467
860875759
860073155
860316663
860690017
860150318
861254519
861570906
860303624
860049882
860935208
860789722
860568875
860798936
861436351
861222372
860635668
861550132
860771124
861297750
860305715
861481299
861411905
861320921
861238216
861433393
860513064
860661185
860858130
860961694
860217247
860277070
861171508
861053817
860553150
860733469
860225560
860472077
861323624
861167921
860636365
860228926
860937673
860052585
860426976
860498036
860884684
861115493
860167794
861627771
861640147
861513140
861532809
861438442
861262934
860800483
861625510
860618430
861035287
861455000
861413163
860877306
861348240
860284227
860126671
860587031
860091991
860791643
861569699
860057209
860596007
861124520
861118621
861270805
860535946
860593627
861246920
860074022
860869452
860248561
861314920
860316017
860240860
860982451
860773096
861609003
860375092
861150462
860902007
860728148
861133394
860338066
860882355
860738943
860792527
860497543
861111294
861295200
860827071
861047187
861145073
860191781
861351028
860186732
860509766
860685835
860951953
860720277
860723643
860436530
861281498
861025410
860716214
860051140
860442650
860054064
860920826
860833837
860730630
861076070
861448404
861506510
861531874
860373613
861104698
860968188
860457916
860013604
860041807
861372584
860468337
861577638
860788719
860389593
860671436
860660777
860274163
861363438
861575428
860393129
861218819
860265561
860407290
861449900
861602407
860744128
860897077
860848219
860171823
861607405
861385657
861198589
860548764
861648885
861565908
860153633
861622688
860877170
860202032
861322281
861186842
860289837
861445548
860691530
861581973
860010136
861360514
860488482
860820322
860870081
860464852
860035602
861302476
860660845
860353349
860208288
860848797
861510182
861389040
861377140
861647100
860050256
861003395
861380676
861268935
861050094
861125421
860592318
860172707
860411098
860884820
860840467
861589810
860162524
861189562
861268561
860914791
861019766
861270261
860321712
861612165
861392168
860559202
860864641
860460041
861360378
860156999
860295124
860474168
861516625
860826340
860184012
861232674
861478239
860610151
860486323
860767860
861221539
860541352
860776258
861282110
860738586
860918480
861349566
860020523
860618056
861431421
861153981
860278107
860590074
860713409
860845788
861356961
860105489
860590771
861040166
861238947
860070775
860269352
860159736
860247167
860874603
861266266
861322655
860542168
860043099
861608425
860047978
860845482
860172214
861568577
861145787
861289097
861352422
860145745
860978065
861503535
860756504
861279713
861544437
860134933
860735951
861487674
860961235
860711420
861527233
861199490
860740660
860053894
861061518
860147445
861123466
860636620
860163680
860381705
860641686
861467903
860643029
861306607
860519881
860759003
861312778
860303692
860189877
860993110
860884939
860535436
861439768
861258446
860576576
861538113
860523944
860781001
860099335
861095195
861323862
860779386
860670399
861605705
860827139
860029329
861132442
860627661
860327016
861031547
860701815
860885279
861415084
861233150
860447682
861002902
860173506
861161886
861543417
861001083
861403575
860168185
861124605
860463339
861442029
860696766
860162932
860553609
861134754
861629556
860504360
861510726
860624261
861224446
861303598
860232785
860859507
860714157
861229716
860547217
861196753
861420371
860316051
860992226
861389669
860129527
860128592
861088361
860814219
860196490
860114856
861349005
861525941
860841895
861046184
861493913
860587201
860152222
861274205
860162762
860048488
860451745
861107843
860846689
860319723
860020880
861448387
861481656
860143892
860983097
860125294
860701033
860665707
861497789
861020735
861036205
860823858
861155545
861426882
861372176
861203927
860863791
860189741
860962748
861645196
860560732
860390545
860164224
860198938
861597477
861039333
860751540
861181555
860135664
860658125
860808473
860541777
861189732
860670433
861066839
861625221
860373477
861187369
860246708
861117210
861024951
860603912
860892912
861522558
860269454
860860204
860020319
860101698
860271426
860046397
861326480
861011657
861271723
861255097
860091039
861010671
860441970
861623742
861370969
860472060
860277529
861028538
860120296
860370604
860485677
861408046
861336272
861421935
860585229
860056971
860584889
860323497
861302391
861059784
861502277
861610210
861225823
860142056
860777210
860797236
861398339
861296220
860431787
860380175
860127436
861273304
860795604
860876422
860888543
860050035
860612021
861407536
860971197
860360285
860840314
860977997
860129306
861232436
861135502
861436929
860034684
860475222
860328835
860637028
860136293
860109178
860169358
860310662
861393987
860471125
861387051
861308290
860110946
861221930
861308052
860227243
861476386
861504844
860548696
860397906
860203443
861255318
861408488
861189613
860662477
861293517
861118842
861035848
860424987
860380736
860611222
860795791
860792000
861605909
860174849
861205882
860099947
860302077
860041382
861320819
860656340
860848508
860487632
860512707
860571986
860257027
860154704
860069296
860333731
861168414
860926368
861278982
861230022
860380498
860226563
860297640
860571544
860626522
861260265
860435867
860666302
861305740
860657972
861631834
860560834
861537178
860885075
860163408
861324780
860177807
860519949
860835656
861001185
860776734
860480594
860731072
860703838
861438629
861628825
860700965
860105999
861304210
860218981
860675261
860803390
861061433
860018976
861160577
861472544
860681347
861644890
861403915
860013791
861032499
860249564
861143288
861289318
860247235
860847760
861041288
861640113
861076478
860781953
860067392
861231858
861366175
861008546
860424562
860912734
861249096
861195512
861068726
861633432
860272684
860416249
860147802
860439199
861425097
860153497
861022588
860212419
860957733
860974393
861614477
860882627
861442216
861306828
860042215
861123364
861623283
860093980
860825218
860529486
860552538
860963955
860319638
861170131
860362291
860959535
861535359
860698092
861054599
861423618
860094745
861345078
861107180
860506519
861252462
860755841
860248731
861587345
861200204
860853999
861459216
860319706
860643743
860852707
861413673
861207004
860857841
861153301
860420822
860183842
861638141
860723677
860443551
860680633
860448175
861164232
861407655
860973492
860711352
860521819
861511780
860433793
861145906
860822005
860505482
861208143
860706915
861165524
861128583
861255675
860105880
860658550
860777176
860728981
860227124
860911306
861511049
860478928
861307542
860777346
860105574
860554119
860776190
861319714
860292455
861077821
860680293
860859099
861357420
861400855
860053418
860099131
861489170
860785676
860308945
861628910
861641881
860429900
860351173
860794040
860948264
861392423
860945357
860346532
861214518
861484648
861365801
860033681
860651036
861462072
860962425
861232487
860582747
860446577
860477075
861496463
860702274
861510573
860988299
861080473
861584336
861372516
860530812
860265714
861258837
860166383
860294240
861212121
860310220
860789331
861189273
860887336
860512758
861134737
861548296
860058042
860830165
860618668
860636807
860047060
860366660
860637504
861413095
861532554
861333246
860843374
860553320
861497806
860022138
860454975
860485303
860767554
861179957
860364739
861310211
860835333
860248510
861166187
860546180
861289454
860342452
861271978
860142804
860428421
860370094
860747477
860505601
861025189
860724714
860183927
861603716
861174687
861037242
861466815
860361084
860823722
861070154
861166357
861167190
860853302
861332566
861638532
860543222
860492919
861366872
860835112
860548832
861599687
860638932
861444273
861326905
861161869
860864930
860155979
860241251
861436232
861472850
860250635
861182609
860595344
860364960
860564557
860961507
860545211
861539932
861152128
860087061
860726754
860708479
860197204
861354139
860995677
860755331
860032168
861334113
860764919
861309854
861100720
860501521
860482481
860434405
860040872
861087154
860433878
861075407
861273933
860964159
860300309
860301057
861596542
860472094
861472612
861455204
860703634
861015567
860207370
860785778
860894578
861019137
861011759
861197127
860867293
861180161
860271868
860438570
861539966
861428922
860749075
860345750
860192665
860524709
861472323
860930380
860902704
860735611
860534076
860153327
861594230
860936636
860950355
861010110
861046218
861544233
861214297
861283742
861618676
860910184
860790385
860139999
860773164
860717217
860449212
860358772
860150216
860568739
860269675
860015049
860996680
860856719
861198861
860823688
860266309
861326089
860534875
860372168
860900477
860949012
861330373
860905679
861104970
860990781
860540179
861087970
860604932
861491329
861513361
860808541
860528670
861278115
860956679
861413996
860152851
860429356
860994436
861429942
860424868
861651163
860529962
861017012
861555487
861590864
861354496
861109220
861193727
860808949
860266071
861393103
860788600
861064867
861163892
860505193
860857926
860120823
861436589
860130003
861546987
860308520
860210770
860319434
860972268
860649149
860369499
860589836
861557459
860316918
861045963
860707136
861211594
861354292
860147921
861422326
860422879
