861010671
860441970
861623742
861370969
860472060
860277529
861028538
860120296
860370604
860485677
861408046
861336272
861421935
860585229
860056971
860584889
860323497
861302391
861059784
861502277
861610210
861225823
860142056
860777210
860797236
861398339
861296220
860431787
860380175
860127436
861273304
860795604
860876422
860888543
860050035
860612021
861407536
860971197
860360285
860840314
860977997
860129306
861232436
861135502
861436929
860034684
860475222
860328835
860637028
860136293
860109178
860169358
860310662
861393987
860471125
861387051
861308290
860110946
861221930
861308052
860227243
861476386
861504844
860548696
860397906
860203443
861255318
861408488
861189613
860662477
861293517
861118842
861035848
860424987
860380736
860611222
860795791
860792000
861605909
860174849
861205882
860099947
860302077
860041382
861320819
860656340
860848508
860487632
860512707
860571986
860257027
860154704
860069296
860333731
861168414
860926368
861278982
861230022
860380498
860226563
860297640
860571544
860626522
861260265
860435867
860666302
861305740
860657972
861631834
860560834
861537178
860885075
860163408
861324780
860177807
860519949
860835656
861001185
860776734
860480594
860731072
860703838
861438629
861628825
860700965
860105999
861304210
860218981
860675261
860803390
861061433
860018976
861160577
861472544
860681347
861644890
861403915
860013791
861032499
860249564
861143288
861289318
860247235
860847760
861041288
861640113
861076478
860781953
860067392
861231858
861366175
861008546
860424562
860912734
861249096
861195512
861068726
861633432
860272684
860416249
860147802
860439199
861425097
860153497
861022588
860212419
860957733
860974393
861614477
860882627
861442216
861306828
860042215
861123364
861623283
860093980
860825218
860529486
860552538
860963955
860319638
861170131
860362291
860959535
861535359
860698092
861054599
861423618
860094745
861345078
861107180
860506519
861252462
860755841
860248731
861587345
861200204
860853999
861459216
860319706
860643743
860852707
861413673
861207004
860857841
861153301
860420822
860183842
861638141
860723677
860443551
860680633
860448175
861164232
861407655
860973492
860711352
860521819
861511780
860433793
861145906
860822005
860505482
861208143
860706915
861165524
861128583
861255675
860105880
860658550
860777176
860728981
860227124
860911306
861511049
860478928
861307542
860777346
860105574
860554119
860776190
861319714
860292455
861077821
860680293
860859099
861357420
861400855
860053418
860099131
861489170
860785676
860308945
861628910
861641881
860429900
860351173
860794040
860948264
861392423
860945357
860346532
861214518
861484648
861365801
860033681
860651036
861462072
860962425
861232487
860582747
860446577
860477075
861496463
860702274
861510573
860988299
861080473
861584336
861372516
860530812
860265714
861258837
860166383
860294240
861212121
860310220
860789331
861189273
860887336
860512758
861134737
861548296
860058042
860830165
860618668
860636807
860047060
860366660
860637504
861413095
861532554
861333246
860843374
860553320
861497806
860022138
860454975
860485303
860767554
861179957
860364739
861310211
860835333
860248510
861166187
860546180
861289454
860342452
861271978
860142804
860428421
860370094
860747477
860505601
861025189
860724714
860183927
861603716
861174687
861037242
861466815
860361084
860823722
861070154
861166357
861167190
860853302
861332566
861638532
860543222
860492919
861366872
860835112
860548832
861599687
860638932
861444273
861326905
861161869
860864930
860155979
860241251
861436232
861472850
860250635
861182609
860595344
860364960
860564557
860961507
860545211
861539932
861152128
860087061
860726754
860708479
860197204
861354139
860995677
860755331
860032168
861334113
860764919
861309854
861100720
860501521
860482481
860434405
860040872
861087154
860433878
861075407
861273933
860964159
860300309
860301057
861596542
860472094
861472612
861455204
860703634
861015567
860207370
860785778
860894578
861019137
861011759
861197127
860867293
861180161
860271868
860438570
861539966
861428922
860749075
860345750
860192665
860524709
861472323
860930380
860902704
860735611
860534076
860153327
861594230
860936636
860950355
861010110
861046218
861544233
861214297
861283742
861618676
860910184
860790385
860139999
860773164
860717217
860449212
860358772
860150216
860568739
860269675
860015049
860996680
860856719
861198861
860823688
860266309
861326089
860534875
860372168
860900477
860949012
861330373
860905679
861104970
860990781
860540179
861087970
860604932
861491329
861513361
860808541
860528670
861278115
860956679
861413996
860152851
860429356
860994436
861429942
860424868
861651163
860529962
861017012
861555487
861590864
861354496
861109220
861193727
860808949
860266071
861393103
860788600
861064867
861163892
860505193
860857926
860120823
861436589
860130003
861546987
860308520
860210770
860319434
860972268
860649149
860369499
860589836
861557459
860316918
861045963
860707136
861211594
861354292
860147921
861422326
860422879
